000029
000139
000248
000298
000433
000519
000544
000636
000773
000900
000972
001071
001315
001421
001594
001598
001774
002062
002235
002345
002495
002602
002670
002798
002878
002992
003013
003072
003118
003148
003249
003409
003417
003611
003742
003859
003864
003930
003985
004000
004103
004154
004203
004233
004382
004405
004409
004503
004617
004644
004660
004770
004864
005091
005176
005234
005326
005371
005517
005534
005696
005737
005747
005753
005785
005894
005927
006100
006120
006166
006168
006383
006421
006496
006645
006658
006684
006766
006769
006781
006953
007035
007061
007074
007082
007105
007125
007158
007160
007189
007206
007298
007430
007530
007589
007745
007807
007898
007915
008099
008124
008132
008169
008193
008242
008311
008440
008448
008621
008648
008684
008826
009251
009292
009396
009477
009497
009558
009794
010097
010288
010303
010386
010443
010528
010570
010751
010796
010821
011004
011040
011047
011118
011156
011260
011354
011394
011476
011484
011611
011685
011716
011876
011971
011987
012047
012124
012145
012382
012494
012633
012752
012815
013033
013064
013110
013247
013283
013670
013711
013788
013857
013929
014171
014250
014594
014642
014817
014894
014934
015110
015177
015490
015537
015594
015633
