005326
007530
000972
010570
013283
002670
000544
017876
016346
010751
015594
007074
017625
004864
014642
015177
009396
006658
003249
001071
006168
004617
016537
006120
006496
003930
002992
007745
007082
009794
000433
008648
010303
014171
005747
003417
005696
013110
006766
000519
015537
007430
015933
007158
007807
014250
003985
011156
011476
007035
011716
012382
002878
005234
007589
006100
017113
000248
017214
012752
006781
014594
015110
013033
008826
002345
004000
017874
011118
004233
012047
006645
003611
009251
011876
008099
004103
008193
000900
017715
005091
006684
005371
001594
008440
003409
007125
012633
016538
017099
009292
000298
006953
008311
016292
008169
007061
008132
002602
011040
000139
007206
003864
012145
007160
002062
005785
010097
002798
008448
016004
009497
017164
012494
003148
009558
009477
007105
000773
011987
004382
011484
004405
001315
017641
017735
017508
003118
002495
017036
015490
013670
005753
008124
016862
001598
014934
007189
011004
004154
013247
004203
005517
011971
011047
013711
016905
004770
011394
012124
005737
011611
004660
013929
003742
016734
016903
005927
005894
005534
014817
004409
005176
011260
006166
002235
008242
017377
007898
001421
010796
017024
013788
010288
000636
011685
004503
003013
008621
007298
015633
007915
011354
014894
004644
006383
008684
010443
013857
000029
006769
003859
017156
010528
001774
006421
017678
003072
012815
013064
010821
010386
